-92.39028, 20.10616, 45.42026
-97.10732, 29.42352, 51.87593
-97.39096, 39.41469, 56.27456
-82.14564, -105.3903, 34.5108
-85.02319, -98.6859, 24.11191
-79.58311, -89.26726, 17.20453
-81.8562, 22.75495, 41.74397
-89.29939, 47.73056, 55.57402
-93.49084, 59.639, 62.50425
-85.29317, 81.09721, 66.75556
-74.5785, -116.6277, 55.15916
-79.01205, -111.4086, 45.03028
-74.27073, -95.97688, 27.59819
-74.78043, -78.7989, 11.88426
-70.75183, -66.85748, 8.849422
-69.76813, -33.27393, 13.21331
-81.2286, 0.5053887, 31.73772
-75.39407, 13.85649, 35.13328
-75.66405, 34.7884, 43.5456
-82.2384, 57.16136, 55.58347
-73.72655, 101.5407, 68.94843
-70.38412, -102.5385, 37.96635
-62.53068, -92.86669, 31.13356
-67.92288, -86.00021, 21.26653
-63.6617, -75.48301, 15.92671
-63.50882, -43.45768, 10.28582
-66.30048, -12.23669, 20.76072
-67.35912, 7.559525, 28.91977
-64.84093, 34.04036, 37.90986
-68.29674, 45.42912, 43.92833
-71.17142, 56.61251, 49.64557
-54.29399, -106.9792, 51.08073
-58.48568, -100.0739, 41.27773
-54.10795, -71.54135, 18.33695
-47.98815, -61.96642, 16.17532
-54.9292, -52.99081, 11.59903
-49.80696, -42.9311, 11.74573
-57.26744, -33.34095, 12.27475
-54.57886, -12.9396, 17.1097
-58.54676, -0.8215914, 22.18069
-57.91143, 44.57111, 38.54283
-60.70167, 56.42282, 44.34636
-53.67926, 77.51875, 49.12932
-54.12349, 89.49841, 54.05271
-63.33172, 104.5484, 64.73505
-55.55991, 112.4065, 63.96291
-58.34327, -120.6713, 66.98203
-49.98543, -113.691, 60.36847
-46.79162, -98.94589, 44.66021
-50.83054, -90.80738, 34.95916
-55.0928, -81.99184, 24.96502
-41.2404, -51.57512, 14.34981
-45.53728, -33.58032, 11.91069
-47.99606, 5.699792, 20.68954
-55.27369, 12.43301, 25.62371
-46.76172, 45.01427, 33.69391
-50.68802, 65.481, 43.06795
-45.11419, 109.2858, 57.56049
-46.66565, 120.4311, 62.75135
-47.42437, 131.6138, 67.59666
-42.53992, -106.6253, 54.0372
-30.70741, -81.97522, 33.47382
-42.45481, -81.6142, 29.97929
-35.68108, -61.31614, 19.1119
-36.36354, -40.45699, 12.61816
-42.8011, -15.4352, 13.7019
-36.12403, 5.516494, 17.09805
-43.35431, 75.38821, 43.56895
-43.42664, 85.72472, 47.54979
-38.53341, 127.8405, 61.6494
-31.65222, -107.4378, 56.62868
-35.25386, -99.0946, 47.73612
-33.00465, -72.07641, 25.75734
-23.65897, -62.47765, 21.75417
-26.58725, -49.6489, 15.85722
-32.37378, -17.01179, 12.06489
-27.01865, -0.4932902, 13.73815
-20.57154, 48.07577, 25.45456
-30.05807, 57.986, 31.80532
-24.31068, -101.7008, 51.49291
-27.81442, -91.45229, 41.85421
-19.62195, -83.49625, 36.07431
-21.42097, -73.57609, 28.71927
-24.05466, -35.38984, 12.55124
-23.04592, -22.87434, 11.35793
-16.231, -1.61558, 12.27754
-15.142, 34.47522, 20.07491
-20.03393, 60.12926, 29.26358
-22.71452, 90.70658, 40.82698
-16.89522, -92.77178, 43.75573
-9.570552, -85.39484, 37.90031
-9.65944, -76.7451, 31.60347
-11.62479, -66.0742, 24.841
-13.52166, -54.41179, 18.92753
-13.31825, -41.85915, 14.56475
-10.6175, -27.81938, 12.01201
1.310259, 14.30941, 14.17119
-6.345881, 45.83091, 21.76486
-9.78985, 57.08553, 25.68248
-3.196462, 66.32686, 27.0656
-10.91363, 89.42237, 36.2795
-10.5599, 122.1708, 47.02742
-16.26165, 133.049, 53.17469
0.1286784, -70.70014, 27.94026
-1.311973, -59.31181, 21.94893
-2.162172, -47.94815, 17.257
-0.4991803, -35.90158, 14.16261
-3.12488, -16.45625, 11.60999
4.132436, 3.256158, 13.02662
-6.50135, 23.11787, 16.07762
0.7529546, 90.3189, 33.23268
1.214258, 122.7609, 42.69547
-5.354599, 133.1369, 48.48143
10.32852, -63.69329, 24.63988
9.851826, -52.62681, 20.05305
8.534415, -42.6175, 16.79435
13.22903, -32.82463, 15.34477
4.184014, -24.08873, 12.83018
12.77208, 12.72478, 14.78309
10.51416, 32.70838, 17.67232
4.127206, 56.47201, 23.21941
18.74104, 74.99647, 26.12398
20.69859, -43.82869, 19.11043
17.59361, -20.92229, 14.82256
16.50789, 0.4727301, 14.35872
24.70846, 10.2021, 16.72314
20.03146, 23.88509, 17.14222
16.91406, 62.87658, 23.71293
12.19559, 93.33191, 31.3444
16.54244, 104.3973, 33.09394
30.10061, -51.58591, 23.32642
33.4428, -40.5822, 21.68246
28.90653, -2.871505, 17.11565
30.45636, 32.02234, 19.82904
30.96643, 81.81819, 26.75042
24.01555, 94.24957, 29.46088
40.45047, -51.52544, 26.5088
38.58755, -28.50421, 21.68964
31.50896, -16.93852, 18.25329
40.57935, 39.71221, 22.73843
38.11459, 62.48398, 24.39486
41.46062, 72.7132, 25.76307
50.12468, -48.66843, 29.60099
44.88835, -39.1392, 25.62029
45.19181, -17.43495, 23.32358
44.38062, 15.54941, 22.62892
51.42161, 34.41141, 25.49315
59.59105, -49.58966, 34.26759
56.20629, -38.68517, 30.6848
57.69635, -17.71993, 29.06944
60.47934, 3.727924, 29.28724
61.99829, 26.653, 29.31518
60.77778, 40.46939, 28.55512
60.92775, 53.57951, 28.45968
71.62894, -48.91259, 40.61245
74.01804, -28.38292, 39.08561
69.42404, -17.89193, 35.30394
71.92434, 3.757488, 35.01373
74.88243, 25.65139, 34.98194
69.74535, 34.85815, 32.13112
70.63553, 45.7694, 31.81491
82.72182, -48.61124, 47.06054
78.40105, -38.65449, 42.99112
80.7076, -17.99326, 41.87614
82.86281, 3.377779, 40.97309
79.32423, 15.12403, 38.0326
80.17547, 36.78515, 36.34798
89.46096, -38.23817, 49.74876
98.34308, -7.609019, 51.30844
93.39073, 2.395462, 47.07888
88.03699, 27.27539, 41.10745
104.4334, -47.71964, 60.31581
100.4306, -37.96881, 56.6251
96.31365, -27.9496, 52.71802
103.041, -17.44996, 55.5675
98.95972, 11.26993, 49.08097
99.06389, 21.96236, 47.35749
111.1052, -38.62938, 63.40532
107.2075, -27.68214, 59.52459
108.1917, 14.40452, 53.66317
124.7992, -15.45852, 68.5942
120.8858, -4.711203, 64.41227
-67.73443, -54.30117, 8.589546
-69.02978, -120.871, 63.7001
-62.18903, -22.86731, 15.62876
-49.76235, -23.97501, 13.29009
-35.92496, -27.35433, 11.78725
-13.53905, -14.36243, 11.23804
-4.661592, -4.60112, 11.777
8.043357, -10.36541, 12.67056
-24.10433, -114.7263, 64.20567
-5.413408, -92.26783, 43.23936
2.510178, -82.69071, 35.70703
11.13782, -74.41902, 30.39598
21.55362, -67.73702, 27.67931
34.03157, -63.56767, 28.31376
48.74397, -61.35411, 32.38465
76.5757, -59.61353, 45.40665
87.29567, -58.85799, 51.38125
97.65897, -57.59214, 57.3291
107.0931, -55.56449, 62.7548
115.8988, -52.24519, 67.71797
124.2097, -46.6525, 72.19057
131.2732, -38.00944, 75.60751
135.3546, -27.22545, 76.77555
136.0955, -15.88594, 75.46879
133.3478, -3.220506, 71.45084
127.4026, 8.165553, 65.59605
119.4348, 17.89481, 59.02932
110.2673, 26.78009, 52.27356
100.9142, 34.83789, 46.03845
92.4512, 41.78713, 40.96793
71.98608, 58.76245, 31.35411
63.02155, 66.79578, 28.63269
54.26702, 75.31684, 27.08262
45.74814, 84.59774, 26.87642
28.68902, 106.2294, 31.03948
21.33734, 116.0134, 34.62878
14.0094, 125.3922, 39.01115
6.695087, 133.8758, 43.90986
-0.7936854, 141.2017, 49.13718
-8.766086, 147.0679, 54.58807
-19.28288, 151.4004, 61.12194
-31.13419, 151.4799, 67.0968
-58.78065, 135.5538, 75.08389
-69.11954, 125.2103, 76.3054
-78.40556, 113.9357, 76.60981
-86.09349, 102.8173, 76.15986
-92.99242, 90.97798, 75.02881
-98.45766, 79.61622, 73.34842
-103.0863, 67.22489, 70.77267
-106.1712, 55.58055, 67.56232
-107.6474, 43.32182, 63.00004
-107.285, 31.96474, 57.62798
-100.8515, 7.777909, 42.88874
-96.47034, -1.886507, 36.08569
-91.5705, -11.37278, 29.13825
-86.30791, -21.38326, 21.906
-81.44807, -32.1772, 14.98294
-78.48856, -44.1613, 9.260874
-78.83568, -57.10179, 5.710552
-82.3689, -69.82787, 5.052505
-87.41298, -81.63438, 7.694851
-91.82452, -92.31191, 13.70804
-93.82665, -100.6726, 21.30038
-93.97821, -107.7974, 29.98862
-92.25417, -114.7594, 40.77044
-88.23317, -120.7594, 52.52293
-81.0603, -125.4571, 64.31351
-68.88274, -127.9684, 73.66165
-54.83737, -127.6626, 76.71896
-43.00023, -125.2588, 75.08262
-31.90111, -120.4552, 70.13999
21.37158, -57.21358, 23.2979
-78.56274, -11.47002, 25.05882
104.321, 2.886071, 53.34764
-23.1097, 141.6342, 59.45738
89.85012, 14.09982, 43.71723
62.69232, -28.29497, 32.71068
-44.42163, 97.33639, 52.52551
-25.09825, 102.0194, 45.81206
-4.886926, 99.12171, 37.45477
-64.25401, 94.19482, 61.00003
-25.57815, 69.85303, 34.44854
-1.446002, 34.33707, 18.22472
-41.74696, 35.67488, 28.28864
-30.3906, 17.14758, 18.6163
114.0566, -16.43032, 62.22796
-87.6937, 9.899089, 38.91495
115.2318, 5.20559, 59.27906
-4.50649, 110.8694, 41.05975
87.21121, -7.66626, 44.63968
91.88402, -17.92315, 48.70181
64.8106, -7.169815, 32.03021
-35.43544, 105.3516, 51.53107
-14.25954, 100.8634, 41.21178
28.05869, 56.86387, 22.74227
19.2735, 85.18082, 28.26435
41.56191, 27.50249, 22.16621
-74.01983, -22.21054, 18.71232
-74.66764, 65.62072, 54.95628
-62.45406, 21.35415, 31.97589
-98.44186, 49.45492, 60.97812
-18.39228, 79.87914, 35.46568
-51.58029, 54.0048, 39.13461
-54.30421, 101.0893, 58.759
28.93069, 69.10474, 24.64573
117.5205, -27.14244, 65.86026
109.6112, -6.446338, 57.95505
48.61462, 4.246158, 24.07286
50.89788, -28.19073, 26.80058
-4.493798, 78.40212, 30.98585
17.1447, 50.68224, 21.2218
-34.92848, 118.1283, 56.16486
36.68465, 6.542846, 19.82701
-66.63946, 113.6188, 70.18791
32.69757, 19.25337, 19.32276
-74.14257, 75.99567, 58.78202
-28.66474, 37.15898, 24.26114
-42.71754, 15.47278, 21.8749
-35.30836, 138.1796, 64.12989
-92.63759, 71.30151, 66.74072
8.526999, 113.6475, 37.62327
-31.91134, 80.57293, 40.69909
-16.80921, 111.7536, 45.94075
29.27616, 44.82992, 21.09221
-34.57866, 46.82814, 29.52721
-54.01539, 33.78411, 32.7569
-17.74824, 20.25286, 16.76749
56.14594, 14.53592, 27.13952
52.90427, -6.91371, 26.21109
26.11506, -30.48105, 17.88134
-64.02082, 82.01524, 55.98545
-83.93245, 68.68404, 61.02164
-22.54307, 8.802052, 14.89988
-71.86516, 25.10274, 37.89525
-9.014082, 9.176822, 13.58373
-22.28034, 121.6295, 51.75508
-41.73261, 56.52698, 35.77379
50.71444, 47.30651, 25.60048
-78.97379, 45.89832, 49.53627
-49.28928, 24.22657, 27.28135
-66.502, -108.6618, 48.05833
-39.1158, -90.54556, 38.7798
37.21913, 95.05993, 28.22108
67.23618, -38.92339, 36.5407
-61.99329, -114.3939, 57.63837
-37.29245, 67.80632, 38.14791
39.87115, 52.00493, 23.55071
-13.82502, -103.2653, 53.03272
-27.10868, 112.0074, 50.32637
40.60993, -5.975322, 21.06923
82.39825, 49.99323, 35.73204
50.11489, 61.43134, 25.92466
-46.28677, -3.961122, 17.15621
93.54932, -47.90661, 53.59576
-74.01296, 87.93729, 63.52208
-59.87559, -63.79208, 12.4571
-36.73738, 26.39469, 23.34427
-35.31741, -6.589114, 13.98708
76.16309, -7.337209, 38.20216
6.93414, 43.7134, 19.9073
-82.23193, 92.77895, 69.89685
6.375825, 23.64071, 15.98159
-45.79596, 145.3326, 72.24673
8.28697, 81.82703, 29.1798
-87.03551, 34.39435, 49.09131
-33.87319, 93.29214, 46.26677
63.37531, -60.30641, 38.6455
67.58061, 14.92163, 32.22318
-44.51232, -72.05665, 22.44201
20.70479, -10.38138, 15.04121
-13.5793, 69.20271, 30.43169
85.20116, -28.22991, 45.81664
-28.19147, 130.2684, 57.62831
-63.72671, 68.71576, 50.59373
6.647191, 70.06969, 26.34857
-24.21112, -10.66041, 11.86912
4.811898, 102.4197, 35.55093
51.43247, 23.68753, 25.33368
19.36873, 37.96185, 19.07068
-70.55905, -3.069338, 25.93423
-104.8546, 19.35749, 50.43585
-25.40773, 27.50296, 20.3504
-57.4571, 123.3635, 69.4262
-36.8329, -113.7909, 62.76349
120.663, -38.06649, 69.2056
127.0945, -26.70284, 71.66053
-46.21294, -119.9745, 68.47907

